100 3 35
1805315 65.0 52.0 66.5 22.5
1805842 31.5 58.0 55.0 29.0
1809729 82.0 74.0 20.5 74.0
1810558 66.5 99.0 66.5 82.5
1819403 84.0 78.5 39.0 71.0
1826898 89.5 72.0 63.5 77.5
1829542 46.5 56.5 90.5 99.0
1842475 38.5 65.0 31.5 78.5
1842982 55.0 85.0 64.0 74.0
1853120 83.5 74.0 80.0 57.0
1855520 69.5 55.5 64.0 72.0
1861439 89.5 40.0 98.0 64.0
1862286 42.0 87.0 59.0 64.5
1865255 71.5 74.5 79.5 64.0
1866637 75.0 89.5 66.5 83.0
1867666 39.0 72.5 43.5 54.0
1870674 38.5 75.5 62.5 99.0
1870975 58.0 72.5 46.0 68.0
1874468 88.5 73.0 65.5 99.0
1880880 18.5 52.0 33.5 87.0
1881208 43.0 56.5 70.5 57.5
1881500 91.5 53.5 31.0 77.0
1886428 57.0 87.0 76.0 74.0
1887043 87.5 73.5 30.0 46.0
1889587 51.0 66.0 62.5 54.5
1892326 45.5 85.5 67.0 81.5
1892812 61.0 55.0 39.0 36.0
1894832 86.5 80.5 99.0 50.5
1906200 80.5 72.0 77.0 54.0
1908168 31.5 90.5 56.0 56.5
1912054 84.0 63.5 71.5 59.0
1925875 66.5 56.5 76.5 62.0
1926706 71.0 38.5 93.0 65.0
1930957 29.5 27.5 70.5 50.0
1942707 77.5 64.0 21.5 57.5
1948353 41.0 70.5 57.5 67.0
1950015 72.0 91.5 71.0 77.0
1954634 71.5 49.0 99.0 72.0
1959590 0.0 90.5 83.0 57.0
1960585 85.0 47.0 76.5 80.5
1961422 65.0 76.0 77.0 90.0
1970134 36.5 92.5 66.5 76.0
1984918 50.5 82.5 69.5 88.5
1989431 30.0 71.5 42.5 81.5
1994589 70.0 59.5 87.0 72.0
1998789 66.5 36.5 46.0 54.0
1998864 58.0 79.0 81.0 84.0
2000885 99.0 58.5 93.0 60.5
2000961 79.5 27.0 99.0 90.0
2001718 40.5 83.5 62.5 64.5
2017351 66.0 99.0 81.0 83.5
2032673 68.5 69.5 26.0 79.5
2033662 63.5 68.0 67.5 57.5
2038682 0.0 92.5 42.5 72.0
2049663 77.5 76.5 56.0 47.5
2050062 86.0 88.0 63.0 47.0
2052743 52.5 69.0 62.5 42.5
2060769 87.0 32.0 63.5 95.5
2061759 14.5 57.0 84.5 77.0
2062472 99.0 92.0 55.0 48.5
2062946 92.5 95.0 83.5 85.5
2064255 99.0 38.5 87.5 59.0
2074067 6.5 35.5 99.0 27.0
2074424 95.0 51.5 72.0 74.0
2076842 94.0 75.0 50.0 99.0
2079175 84.5 66.0 74.0 87.0
2079443 71.5 62.0 94.0 80.5
2092148 83.5 65.0 51.5 92.0
2097130 92.5 72.0 85.0 34.5
2103688 43.0 59.5 77.5 65.5
2105953 64.0 52.0 35.5 63.5
2106248 24.0 53.5 84.0 42.5
2108649 90.5 51.0 70.5 61.0
2114609 86.0 71.0 65.5 68.0
2123799 69.0 79.5 40.5 61.0
2123826 51.0 48.0 59.5 82.5
2124991 39.5 97.0 72.5 80.5
2127098 56.0 50.5 55.5 55.0
2130060 36.0 55.0 85.0 36.5
2131267 51.0 40.5 63.0 63.0
2132811 62.5 68.5 71.0 69.5
2133651 50.0 70.0 80.0 33.0
2134020 47.5 36.0 63.0 39.0
2135999 70.0 45.5 28.0 84.0
2137836 90.0 82.0 89.0 55.5
2141245 51.5 88.5 92.5 79.5
2144799 63.5 62.0 95.0 98.0
2148289 99.0 68.0 89.5 99.0
2150417 93.0 61.5 59.0 38.0
2151786 60.5 71.5 54.5 61.5
2151848 72.0 93.0 55.5 44.0
2154052 92.5 70.5 54.0 7.5
2157625 80.5 92.5 60.5 81.0
2161023 94.5 62.5 85.5 74.5
2174048 48.0 95.5 59.5 99.0
2178013 38.5 69.5 50.5 87.5
2179184 63.5 56.5 98.0 91.5
2183642 36.0 68.5 71.5 99.0
2187019 53.5 61.5 47.5 77.0
2196282 67.5 55.5 48.5 92.0
